0.2743473 -0.01774349 -0.108925 -0.6077838 -0.5101914
-0.6130643 0.6692262 0.004038791 0.09215086 -0.9652071
-0.954408 -0.938901 0.07893812 0.007948107 -0.004674698
-0.639781 -0.6079716 -0.7628202 -0.03098249 -0.07471949
0.0883573 -0.7211926 -0.6826535 -0.6536657 -0.09670928
-0.04231811 -0.05483035 -0.7313485 -0.7860623 -0.7399324
-0.5482217 -0.5912253 -0.5482217 -0.5912253 -0.649418
-0.6277629 -0.6052486 -0.6625331 -0.7621376 -0.7779932
-0.6227617 -0.5374933 -0.6650335 -0.6033563 -0.52842
-0.6178748 -0.2214691 0.01540059 0.04730987 -0.6567135
-0.6289612 -0.7436082 -0.6549798 -0.6122436 -0.7809284
-0.04770629 -0.2133929 -0.123828 -0.6720943 -0.7062166
-0.6441928 -0.7385948 -0.6742269 -0.6904463 -0.1010427
-0.1742776 -0.0513929 -0.5859627 -0.6595312 0.07687601
-0.6207899 -0.6400768 0.1732197 -0.6974111 -0.6999764
-0.04156362 -0.7797676 -0.7921902 0.1267078
